2004464257
2116185921
386463414
792118482
1595351513
226644287
1939736966
405825227
1538205764
1871046800
2099723335
1101991508
101655454
1312767720
879205085
1770162204
898001133
1774968931
1946995188
1609899118
849427657
521083962
94710847
1759787574
816476199
1897888160
893166680
919054649
1595532580
277543756
777573401
312797712
791979349
1817639992
867798018
2093054344
407066584
1915812975
703260501
1676367279
1469679637
762656861
920076038
1247073473
1427890846
2003499264
1661615363
1435757228
1957019704
741150496
1958296468
809891807
174111801
688534886
1417466699
917146607
968794057
156941818
130820887
353328287
129758085
2117953230
527190662
1412249186
1100792514
1152880890
1277052044
812149746
1454771831
1746938672
1680374062
1267187942
2143519908
897531901
326589864
446512661
1635331117
1310997723
745794814
595054176
1524835074
331306640
143774002
417716794
1888463473
223804374
1467111228
1939202185
1418131689
995481368
1451822849
650460172
1848389691
54066288
731619408
1414720855
797585324
1190638425
85579336
1572626502
1643231083
1794381985
821536456
35596191
891170640
1456172089
1953478842
1077565919
1017833050
912209073
1618442764
1623417519
1055480457
1163715888
696524880
859963614
1618987423
1967653091
136536128
1306805974
48210549
1063460162
1505750572
2093206617
1257641489
144559612
1136060909
1008701426
424456586
749167877
778367111
350759529
294971189
796566934
2053298237
867835141
1850351712
1324380921
1545610096
534671443
671856064
601324486
122272615
746461648
549122499
471180441
969581488
1155484511
1200614239
2040111281
1811654843
1406829288
674656068
720263116
1901049395
915794186
573701819
485949829
933521378
564415511
1940561384
881109676
1565526912
738244242
1105377102
828718016
2140565987
1753223243
594123433
1616309306
382460241
570444938
780299736
264214461
1453485504
330220847
446895284
1580390999
270778079
578934784
2137417111
911578103
816210678
1944677133
1088314879
1539773671
953685785
418034389
1963781194
1543300100
2134105300
1541252135
49388489
1702358365
1202458778
598519324
266125550
961776509
1346016974
1595784804
239649180
446504537
248573159
18620093
1608356069
563587891
184193156
1731439821
253040586
896047985
2124008043
848244954
771114082
629791034
295994614
1085574360
1235600072
255277980
1940494058
1411419663
1429637780
1386825386
360533504
268811720
1773352536
505645924
607297767
1828559936
2020449978
1220272470
62067959
323089773
2137635256
1340362452
1189180510
1336674241
1761982931
293624657
1628269222
314657729
1664474799
1323961372
1850101611
218275340
1509397262
113716474
1546118087
1733870354
1630954309
1056115479
145709386
1671562365
757649905
372691256
1614525236
1273895533
1698028458
12949490
2043009805
1819744477
586070895
108438470
150828235
1415485586
1411547589
776687578
854041024
222422497
1768127365
1909185544
1115467820
874863935
2073161709
1911767807
1451150037
1081124836
232177872
1689637838
1094862129
1635823366
756738235
2093104856
209333657
14185176
1808452168
377467514
1313179608
395478118
407470051
855784778
1250828539
949851585
2032812411
769582524
277642425
126555549
859613747
2103859763
1697150336
137072666
1523192785
1425629137
121970211
160948425
1650755688
2084936457
1337534929
3842965
241601199
566031807
1045076319
825155063
594787654
982698064
427402880
1146170450
1746163686
476341143
1736011864
1823760754
149655985
656522171
891807941
1580380631
1998085956
896554052
1723784454
1880468139
1209074615
954569972
1118276447
1901174129
903647120
1769275778
1108015277
1359669004
1959008843
1444618082
2140102042
848773308
81263576
527664401
1127457386
1500201508
1863768740
1461171779
723192990
845226853
498709287
1318694179
754263743
2137552890
1959809419
1602876538
546976947
485461295
702278606
1946803822
1673424718
1149033521
2134195475
761482049
723259313
327525816
52807723
1585285275
1750339343
399561191
1314132489
254708195
1506905072
1981415810
1792770146
1395356994
1358583544
670644258
1200920441
767736512
308365710
176891381
1106247837
1919043325
17168887
321112137
1726234521
1126355007
1566624730
1059244084
964281852
94744800
684781018
416867189
221272465
2033819280
1398789865
921157497
463373605
342621711
1515083696
532383298
1748917551
2025580425
639767148
451175890
1298946549
1544657882
775401651
345376965
647715970
1421312417
2031675606
1457985653
1859969680
734664749
1304798738
729717545
1410079976
1353309025
713738821
1685313646
59139343
1071053147
1340458838
2135643310
1896295169
1712755015
898508141
1674400635
467826282
1102116714
269690859
1529239190
1842740560
1303859851
41295348
1553314905
2051384463
1650110195
2082333357
1456516115
1677128598
1890164118
1081297101
422379961
266309919
152535398
1519611353
880486261
1668642714
1401059691
654734068
249190895
964076741
1796480066
149733788
1937128836
1030336728
850048252
505741814
2129563838
2116916372
352412225
1884304014
1616122784
1932761038
1655482152
1630891361
888457287
1703448179
2052654639
105154175
656507854
1107857148
918295826
1575802846
1202644420
2080893411
1947363346
609759542
1457333498
590638468
1211111046
1838371973
1594381610
1621068756
1197831726
15345084
1482388678
1237532076
1706014160
1198489907
1247624014
454704037
1533149798
62532346
1177447544
962069120
685474533
1020972583
1929792254
1770415826
679991587
1954153522
1412052826
1944000788
1084337278
1691402481
694207241
782071508
968956965
1665244781
212107349
1871934747
2136282247
84860684
204169914
1766722857
113031611
766222902
969156765
434694494
1908840392
1121001390
1141024734
1717318543
186462091
2124040674
385170683
1623513747
1413586823
1485538363
1810222017
1393987000
286772317
2114611263
1256593720
266239155
1011857239
1024817549
597823615
1122295116
2081206399
180269203
1714479547
1312303693
716340186
115829751
2059560170
632294530
531374342
439293419
1363104914
319633153
1747926181
1934919938
1511045294
759082196
2126604278
214719867
41619561
48832509
490701523
1764446329
2005031339
1358738988
2039337142
1274946617
1168883465
1246957059
1902962783
59991778
464524202
729366969
767679153
1020902864
1149892096
32057140
70623596
745585473
648255526
1487317361
1824211236
562113570
1777516468
1021549547
1516670
1376536707
110794626
1883493356
427151517
764747183
1057100905
254523323
157515707
1507193632
290846311
1259839811
1058311909
1471983277
534627568
2089090653
1442069941
1236658507
2031201458
1878435024
905449496
2061476445
208240837
618299570
178721208
1211748576
1087801472
1620770787
1885377626
571992633
96061659
2096924633
1835355146
336985006
896122387
956787242
1167087176
1224025436
190435419
920452232
788645373
582215822
678608915
1329577827
1960055846
1851586655
202606266
733705192
316849313
1642458818
1859541278
538081376
1425672300
930332043
1911234431
781195960
803891235
1622098544
1481598284
952047805
1044785144
849825596
1061967418
1354557619
194833575
1124614430
327194870
832019220
347729990
1042291997
1133833212
1684761966
471195293
2073416646
584260630
143625077
270329214
818083586
192203514
1323816696
2109364124
1185949093
1618986012
1393770933
600011393
1705497470
624659434
168033582
1262726900
651462173
1787820080
1854042521
310305317
173924682
1673967839
1463711422
498530784
986734568
393402860
479717655
831826453
97386247
269759629
119935715
1617211302
2057893455
867288584
200884550
183936296
876847529
876434325
742770846
1328915999
287555220
961119989
439848250
687860623
1329898559
1014642469
568373269
1520646597
1985626650
1596079407
302472268
1386365497
1166129086
614212788
443438447
126745457
1830365100
735120593
1758009885
833429468
668785903
1844192893
940443979
1529528190
889764833
701322513
1982562934
1721158411
606937181
1147536101
521980610
1180895392
1184834399
53144913
780491104
1411344810
423374357
974935466
1728910304
1733229181
394924600
544521731
928789566
1973066382
1336477897
435773638
983888661
1838210777
1358965756
1565993635
224909774
94003933
612193244
1565348071
1742107434
846809969
907585481
356862208
1273482602
454025161
1638038309
166514908
1053812552
633770069
33288906
298708692
1478189470
1146984132
1661025599
400061490
1774994113
2047717467
283025809
363196405
2102198026
573133091
1793279945
998521800
1419373527
1683281764
725743678
1668046018
609253474
1804642327
1877285132
1629787511
2114225826
1585279932
148535400
1737873849
1020312058
1630670680
817052983
1110763367
554772071
700288157
1752694367
1146280507
1300321065
4472868
505985195
931505135
213706855
1217972532
94184982
1901630648
178589627
837507053
2071552716
511792792
1092374470
2135932357
1010326098
1784411264
730338211
1477199659
40604017
1405553399
1406452401
926481786
843671652
703846848
1875002402
2081911220
1622644239
1916942038
2010072201
1349602359
1204314888
216289257
1701012635
2074167348
833003227
1397770650
1189858569
1706788774
930713278
668064696
1409378515
101109573
754584342
2133862457
951029442
1384850239
1564932354
1024918699
1215167592
586377832
733201895
1448087905
565303634
2031959447
655584403
1434852449
1591329971
843979512
992744028
555025916
1196869268
774244503
1543628972
1513283655
985367823
1607240414
1801184133
1225716493
893996504
2069838460
1498532148
1713260237
1876884619
1886854785
1986470788
1391580942
1092348478
1767839414
763331129
1112917296
1198867203
1804925568
1379713781
887211002
1797428353
1388970012
456439473
1414264328
1421642651
954314437
441541780
355329051
240308744
1204433436
1912937438
1030993464
731720841
1861040527
771103041
518148746
2064159158
886886561
584779083
1501439663
796256840
1281142351
1730003683
1814113967
461494927
1038703464
327595487
755651690
269972320
1393139189
1904007853
1124036181
2009039131
1695610941
164212012
1287772487
1191764763
1402182664
130819428
1916786926
1325786826
1662769727
579072342
1327319610
1860193113
190352244
1643662287
457046340
1460805721
372853531
1940011322
381198140
365981841
887106514
1640799918
179494063
1327620263
1834841593
601959240
797588643
2040820797
225524694
824811905
827488095
692673565
1389882351
1758393080
1368822508
1311506512
1730354683
1803822196
1632084916
1293827791
1948665125
124592242
987802851
996464203
698664518
1285883316
998031651
1023484987
1260230080
2127531701
1946730551
1000939043
643268540
323054804
1836534375
1733947261
1918571096
529717377
1690355277
184472229
1471355921
100077755
1614043686
1342480503
1979094871
655451551
767639475
1492664515
1270698421
657412855
1303112470
658794167
659689062
1626513047
1796583119
1543158493
1348106892
498602856
1857506043
321332971
99033313
693659060
531778704
520999291
682311279
948914768
1837993556
